/*****************************************************************


				Sensor Description

Sensor map in Ec unit

0 1 2
3 4 5
6 7 8


Simgle Ec unit map in Board and Asic

The first number is the Board, the second is the Asic

(b,a)  ,  (b,a+1)
(b+1,a),  (b+1,a+1)

0<=b,a <5


an element (b,a) is an 8x8 sub-matrix

1 is a dead pixel 0 is alive



*******************************************************************/

^ /*you nead the symbol '^' to strart and end the matrix

11111111 11111111  11111111 11111111  11111111 11111111
10000001 10000001  10000001 10000001  10000001 10000001
10000001 11000001  10000001 10000101  10000001 10000001
10000001 10000001  10000001 10000001  10000001 11000001
10000001 10000001  10000001 10000001  10000001 10000001
10000001 10000001  10000001 10000001  10000001 10000001
10000001 10000001  10000001 10000001  10000001 10000001
11111111 11111111  11111111 11111111  11111111 11111111

11111111 11111111  11111111 11111111  11111111 11111111
11111111 10000001  10000001 10000001  10000001 10000001
11111111 10000001  10000001 10000001  10000001 10000001
11111111 10000001  10000001 10000001  10000001 10000001
11111111 10000001  10000001 10000001  10000001 10000001
11111111 10000001  10100001 10000001  10000001 11000001
11111111 10000001  10000001 10000001  10000001 10000001
11111111 11111111  11111111 11111111  11111111 11111111

11111111 11111111  11111111 11111111  11111111 11111111
11000001 11000001  10010001 10010001  10010001 10001001
10000001 10000001  10000001 10000001  10000001 10000001
10000001 10000001  10000001 10000001  10000001 10000001
10000001 10000001  10000001 10000001  10000001 10000001
10000001 10000001  10100001 10000001  10000001 11000001
10000001 10000001  10000001 10000001  10000001 10000001
11111111 11111111  11111111 11111111  11111111 11111111

11111111 11111111  11111111 11111111  11111111 11111111
11000001 11000001  10010001 10010001  10001001 10010001
10000001 10000001  10000001 10000001  10000001 10000001
10000001 10000001  10000001 10000001  10000001 10000001
10000001 10000001  10000001 10000001  10000001 10000001
10000001 10000001  10100001 10000001  10000001 11000001
10000001 10000001  10000001 10000001  10000001 10000001
11111111 11111111  11111111 11111111  11111111 11111111

11111111 11111111  11111111 11111111  11111111 11111111
11000001 10000001  11000001 10010001  11111111 10000001
10000001 10000001  10000001 10000001  11111111 10000001
10000001 10000001  10000001 10000001  11111111 10010001
10000001 10000001  10000001 10000001  11111111 10000001
10000001 10000001  10100001 10000001  11111111 11000001
10000001 10000001  10000001 10000001  11111111 10000001
11111111 11111111  11111111 11111111  11111111 11111111

11111111 11111111  11111111 11111111  11111111 11111111
11000001 11000001  11000001 11010001  10000001 10000001
10000001 10000001  10000001 10000001  10000001 11000001
10000001 10000001  10000001 10000001  10100001 10010001
10000001 10000001  10000001 10000001  10000001 10000001
10000001 10000001  10100001 10000001  10000001 11000001
10000001 10000001  10000001 10000001  10000001 10000001
11111111 11111111  11111111 11111111  11111111 11111111

^ /* this is the end of matrix
